100
0
11760
9000
45780
27810
16950
9000
9000
24660
15390
9120
40440
9000
52050
9000
9000
33240
43470
9000
9690
9000
37350
9000
49950
9000
40590
9000
21720
28560
9000
9000
9000
21660
37680
9000
17490
13800
19110
9000
9000
24450
38670
32100
9000
15990
9000
15810
9000
25320
9000
9000
9000
9000
9000
41250
9000
18540
20910
13590
9000
9180
9000
11850
9000
17910
22350
42870
9000
21990
9000
15210
9000
31170
9000
9000
9000
14310
28770
20760
40830
9000
9000
9780
9000
15180
11160
9990
9000
40950
12450
9000
29340
36930
12150
20850
21960
11940
9000
9000
22500
