100
788 641
341 874
271 698
455 212
566 402
690 20
632 842
673 775
506 41
426 397
657 1
60 434
513 671
214 49
301 447
575 809
882 125
4 104
337 157
122 816
286 968
242 784
786 67
124 40
875 132
277 679
661 880
275 218
863 35
950 362
107 391
467 962
800 461
114 697
211 205
640 476
514 140
486 767
979 847
694 192
972 38
202 871
536 203
866 654
292 740
487 830
439 152
67 493
861 552
272 263
784 907
347 597
493 593
759 290
199 205
370 770
42 656
212 561
912 867
873 355
469 992
140 649
338 1
662 285
787 367
83 89
395 306
994 635
96 395
374 667
264 749
977 350
150 433
622 405
786 704
546 380
872 837
989 179
193 953
616 984
478 563
867 494
295 54
849 446
748 165
183 956
192 146
465 182
152 513
468 701
783 966
236 700
64 87
99 387
7 600
97 282
223 50
285 994
715 498
180 408
